{"0": {"Ke": [[0.4132408180300499, -0.2521389816360601, -0.16110183639398984], [-0.2521389816360601, 0.758816777963272, -0.5066777963272119], [-0.16110183639398984, -0.5066777963272119, 0.6677796327212018]], "Me": [[0.0, 0.0, 0.0], [0.0, 0.0, 0.0], [0.0, 0.0, 0.0]], "Qe": [[0.019498697916666672], [0.019498697916666672], [0.019498697916666672]]}, "1": {"Ke": [[0.5000000000000002, -0.5000000000000002, 0.0], [-0.5000000000000002, 1.0000000000000004, -0.5000000000000002], [0.0, -0.5000000000000002, 0.5000000000000002]], "Me": [[0.0, 0.0, 0.0], [0.0, 0.0, 0.0], [0.0, 0.0, 0.0]], "Qe": [[0.020833333333333325], [0.020833333333333325], [0.020833333333333325]]}, "2": {"Ke": [[0.6249999999999998, -0.31249999999999983, -0.31249999999999994], [-0.31249999999999983, 0.5562499999999998, -0.24374999999999983], [-0.31249999999999994, -0.24374999999999983, 0.5562499999999998]], "Me": [[0.0, 0.0, 0.0], [0.0, 0.0, 0.0], [0.0, 0.0, 0.0]], "Qe": [[0.014485677083333337], [0.014485677083333337], [0.014485677083333337]]}, "3": {"Ke": [[0.5000000000000002, -0.5000000000000002, 0.0], [-0.5000000000000002, 1.0000000000000004, -0.5000000000000002], [0.0, -0.5000000000000002, 0.5000000000000002]], "Me": [[0.0, 0.0, 0.0], [0.0, 0.0, 0.0], [0.0, 0.0, 0.0]], "Qe": [[0.020833333333333325], [0.020833333333333325], [0.020833333333333325]]}, "4": {"Ke": [[0.5000000000000002, -0.5000000000000002, 0.0], [-0.5000000000000002, 1.0000000000000004, -0.5000000000000002], [0.0, -0.5000000000000002, 0.5000000000000002]], "Me": [[0.0, 0.0, 0.0], [0.0, 0.0, 0.0], [0.0, 0.0, 0.0]], "Qe": [[0.020833333333333325], [0.020833333333333325], [0.020833333333333325]]}, "5": {"Ke": [[0.41666666666666674, -0.16666666666666669, -0.25000000000000006], [-0.16666666666666669, 0.6666666666666667, -0.5000000000000001], [-0.25000000000000006, -0.5000000000000001, 0.7500000000000001]], "Me": [[0.0, 0.0, 0.0], [0.0, 0.0, 0.0], [0.0, 0.0, 0.0]], "Qe": [[0.031249999999999997], [0.031249999999999997], [0.031249999999999997]]}, "6": {"Ke": [[0.6666666666666669, -0.1666666666666667, -0.5000000000000001], [-0.1666666666666667, 0.4166666666666668, -0.25000000000000006], [-0.5000000000000001, -0.25000000000000006, 0.7500000000000002]], "Me": [[0.0, 0.0, 0.0], [0.0, 0.0, 0.0], [0.0, 0.0, 0.0]], "Qe": [[0.03124999999999999], [0.03124999999999999], [0.03124999999999999]]}, "7": {"Ke": [[0.5000000000000002, -0.5000000000000002, 0.0], [-0.5000000000000002, 1.0000000000000004, -0.5000000000000002], [0.0, -0.5000000000000002, 0.5000000000000002]], "Me": [[0.0, 0.0, 0.0], [0.0, 0.0, 0.0], [0.0, 0.0, 0.0]], "Qe": [[0.020833333333333325], [0.020833333333333325], [0.020833333333333325]]}, "8": {"Ke": [[0.5000000000000002, -0.5000000000000002, 0.0], [-0.5000000000000002, 1.0000000000000004, -0.5000000000000002], [0.0, -0.5000000000000002, 0.5000000000000002]], "Me": [[0.0, 0.0, 0.0], [0.0, 0.0, 0.0], [0.0, 0.0, 0.0]], "Qe": [[0.020833333333333325], [0.020833333333333325], [0.020833333333333325]]}, "9": {"Ke": [[0.47794117647058826, -0.3014705882352941, -0.17647058823529413], [-0.3014705882352941, 0.7132352941176471, -0.4117647058823529], [-0.17647058823529413, -0.4117647058823529, 0.5882352941176471]], "Me": [[0.0, 0.0, 0.0], [0.0, 0.0, 0.0], [0.0, 0.0, 0.0]], "Qe": [[0.013834635416666666], [0.013834635416666666], [0.013834635416666666]]}, "10": {"Ke": [[0.5000000000000002, 0.0, -0.5000000000000002], [0.0, 0.5000000000000002, -0.5000000000000002], [-0.5000000000000002, -0.5000000000000002, 1.0000000000000004]], "Me": [[0.0, 0.0, 0.0], [0.0, 0.0, 0.0], [0.0, 0.0, 0.0]], "Qe": [[0.020833333333333325], [0.020833333333333325], [0.020833333333333325]]}, "11": {"Ke": [[0.5000000000000002, 0.0, -0.5000000000000002], [0.0, 0.5000000000000002, -0.5000000000000002], [-0.5000000000000002, -0.5000000000000002, 1.0000000000000004]], "Me": [[0.0, 0.0, 0.0], [0.0, 0.0, 0.0], [0.0, 0.0, 0.0]], "Qe": [[0.020833333333333325], [0.020833333333333325], [0.020833333333333325]]}, "12": {"Ke": [[0.5000000000000002, 0.0, -0.5000000000000002], [0.0, 0.5000000000000002, -0.5000000000000002], [-0.5000000000000002, -0.5000000000000002, 1.0000000000000004]], "Me": [[0.0, 0.0, 0.0], [0.0, 0.0, 0.0], [0.0, 0.0, 0.0]], "Qe": [[0.020833333333333325], [0.020833333333333325], [0.020833333333333325]]}, "13": {"Ke": [[0.5504691458248742, -0.32021650087770626, -0.23025264494716793], [-0.32021650087770626, 0.6404330017554124, -0.32021650087770615], [-0.23025264494716793, -0.32021650087770615, 0.550469145824874]], "Me": [[0.0, 0.0, 0.0], [0.0, 0.0, 0.0], [0.0, 0.0, 0.0]], "Qe": [[0.008333934385510318], [0.008333934385510318], [0.008333934385510318]]}, "14": {"Ke": [[0.38095238095238115, -0.047619047619047644, -0.3333333333333335], [-0.047619047619047644, 0.6622023809523813, -0.6145833333333336], [-0.3333333333333335, -0.6145833333333336, 0.9479166666666672]], "Me": [[0.0, 0.0, 0.0], [0.0, 0.0, 0.0], [0.0, 0.0, 0.0]], "Qe": [[0.013671874999999993], [0.013671874999999993], [0.013671874999999993]]}, "15": {"Ke": [[0.8888888888888888, -0.3888888888888889, -0.5], [-0.3888888888888889, 0.4513888888888889, -0.0625], [-0.5, -0.0625, 0.5625]], "Me": [[0.0, 0.0, 0.0], [0.0, 0.0, 0.0], [0.0, 0.0, 0.0]], "Qe": [[0.0146484375], [0.0146484375], [0.0146484375]]}, "16": {"Ke": [[0.6249999999999999, -0.37499999999999994, -0.24999999999999994], [-0.37499999999999994, 0.6249999999999999, -0.24999999999999994], [-0.24999999999999994, -0.24999999999999994, 0.4999999999999999]], "Me": [[0.0, 0.0, 0.0], [0.0, 0.0, 0.0], [0.0, 0.0, 0.0]], "Qe": [[0.02083333333333334], [0.02083333333333334], [0.02083333333333334]]}, "17": {"Ke": [[0.5000000000000002, 0.0, -0.5000000000000002], [0.0, 0.5000000000000002, -0.5000000000000002], [-0.5000000000000002, -0.5000000000000002, 1.0000000000000004]], "Me": [[0.0, 0.0, 0.0], [0.0, 0.0, 0.0], [0.0, 0.0, 0.0]], "Qe": [[0.020833333333333325], [0.020833333333333325], [0.020833333333333325]]}, "18": {"Ke": [[0.5000000000000002, 0.0, -0.5000000000000002], [0.0, 0.5000000000000002, -0.5000000000000002], [-0.5000000000000002, -0.5000000000000002, 1.0000000000000004]], "Me": [[0.0, 0.0, 0.0], [0.0, 0.0, 0.0], [0.0, 0.0, 0.0]], "Qe": [[0.020833333333333325], [0.020833333333333325], [0.020833333333333325]]}, "19": {"Ke": [[0.5208333333333334, 0.14583333333333334, -0.6666666666666666], [0.14583333333333334, 0.5208333333333334, -0.6666666666666666], [-0.6666666666666666, -0.6666666666666666, 1.3333333333333333]], "Me": [[0.0, 0.0, 0.0], [0.0, 0.0, 0.0], [0.0, 0.0, 0.0]], "Qe": [[0.015625], [0.015625], [0.015625]]}, "20": {"Ke": [[0.6666666666666666, -0.3333333333333333, -0.3333333333333333], [-0.3333333333333333, 0.5416666666666666, -0.20833333333333334], [-0.3333333333333333, -0.20833333333333334, 0.5416666666666666]], "Me": [[0.0, 0.0, 0.0], [0.0, 0.0, 0.0], [0.0, 0.0, 0.0]], "Qe": [[0.01220703125], [0.01220703125], [0.01220703125]]}, "21": {"Ke": [[0.625, -0.3125, -0.3125], [-0.3125, 0.5562499999999999, -0.24374999999999986], [-0.3125, -0.24374999999999986, 0.5562499999999999]], "Me": [[0.0, 0.0, 0.0], [0.0, 0.0, 0.0], [0.0, 0.0, 0.0]], "Qe": [[0.014485677083333334], [0.014485677083333334], [0.014485677083333334]]}, "22": {"Ke": [[0.49999999999999994, -0.24999999999999997, -0.24999999999999997], [-0.24999999999999997, 0.6249999999999999, -0.37499999999999994], [-0.24999999999999997, -0.37499999999999994, 0.6249999999999999]], "Me": [[0.0, 0.0, 0.0], [0.0, 0.0, 0.0], [0.0, 0.0, 0.0]], "Qe": [[0.016276041666666668], [0.016276041666666668], [0.016276041666666668]]}, "23": {"Ke": [[0.49999999999999994, -0.24999999999999997, -0.24999999999999997], [-0.24999999999999997, 0.6249999999999999, -0.37499999999999994], [-0.24999999999999997, -0.37499999999999994, 0.6249999999999999]], "Me": [[0.0, 0.0, 0.0], [0.0, 0.0, 0.0], [0.0, 0.0, 0.0]], "Qe": [[0.016276041666666668], [0.016276041666666668], [0.016276041666666668]]}, "24": {"Ke": [[0.4513888888888889, -0.3888888888888889, -0.0625], [-0.3888888888888889, 0.8888888888888888, -0.5], [-0.0625, -0.5, 0.5625]], "Me": [[0.0, 0.0, 0.0], [0.0, 0.0, 0.0], [0.0, 0.0, 0.0]], "Qe": [[0.0146484375], [0.0146484375], [0.0146484375]]}, "25": {"Ke": [[0.44157608695652195, -0.23913043478260881, -0.20244565217391314], [-0.23913043478260881, 0.6956521739130438, -0.456521739130435], [-0.20244565217391314, -0.456521739130435, 0.6589673913043481]], "Me": [[0.0, 0.0, 0.0], [0.0, 0.0, 0.0], [0.0, 0.0, 0.0]], "Qe": [[0.014973958333333327], [0.014973958333333327], [0.014973958333333327]]}, "26": {"Ke": [[0.5000000000000002, -0.5000000000000002, 0.0], [-0.5000000000000002, 1.0000000000000004, -0.5000000000000002], [0.0, -0.5000000000000002, 0.5000000000000002]], "Me": [[0.0, 0.0, 0.0], [0.0, 0.0, 0.0], [0.0, 0.0, 0.0]], "Qe": [[0.010416666666666663], [0.010416666666666663], [0.010416666666666663]]}, "27": {"Ke": [[0.846511627906977, -0.21240310077519395, -0.6341085271317831], [-0.21240310077519395, 0.3486249538575123, -0.13622185308231835], [-0.6341085271317831, -0.13622185308231835, 0.7703303802141014]], "Me": [[0.0, 0.0, 0.0], [0.0, 0.0, 0.0], [0.0, 0.0, 0.0]], "Qe": [[0.015309651692708329], [0.015309651692708329], [0.015309651692708329]]}, "28": {"Ke": [[0.39960438351527455, -0.14445290682914436, -0.2551514766861302], [-0.14445290682914436, 0.6778370144706773, -0.533384107641533], [-0.2551514766861302, -0.533384107641533, 0.7885355843276634]], "Me": [[0.0, 0.0, 0.0], [0.0, 0.0, 0.0], [0.0, 0.0, 0.0]], "Qe": [[0.013356526692708343], [0.013356526692708343], [0.013356526692708343]]}, "29": {"Ke": [[0.5562499999999999, -0.24374999999999997, -0.31249999999999994], [-0.24374999999999997, 0.5562499999999999, -0.31249999999999994], [-0.31249999999999994, -0.31249999999999994, 0.6249999999999999]], "Me": [[0.0, 0.0, 0.0], [0.0, 0.0, 0.0], [0.0, 0.0, 0.0]], "Qe": [[0.016276041666666668], [0.016276041666666668], [0.016276041666666668]]}, "30": {"Ke": [[0.527957128099174, 0.1414643595041323, -0.6694214876033062], [0.1414643595041323, 0.511428202479339, -0.6528925619834712], [-0.6694214876033062, -0.6528925619834712, 1.3223140495867776]], "Me": [[0.0, 0.0, 0.0], [0.0, 0.0, 0.0], [0.0, 0.0, 0.0]], "Qe": [[0.015755208333333326], [0.015755208333333326], [0.015755208333333326]]}, "31": {"Ke": [[0.4209740527182866, -0.16556836902800645, -0.25540568369028005], [-0.16556836902800645, 0.6589785831960457, -0.4934102141680393], [-0.25540568369028005, -0.4934102141680393, 0.7488158978583194]], "Me": [[0.0, 0.0, 0.0], [0.0, 0.0, 0.0], [0.0, 0.0, 0.0]], "Qe": [[0.019759114583333345], [0.019759114583333345], [0.019759114583333345]]}, "32": {"Ke": [[0.5055595266412077, -0.5803287380699899, 0.07476921142878214], [-0.5803287380699899, 1.1606574761399802, -0.5803287380699903], [0.07476921142878214, -0.5803287380699903, 0.5055595266412081]], "Me": [[0.0, 0.0, 0.0], [0.0, 0.0, 0.0], [0.0, 0.0, 0.0]], "Qe": [[0.009074250411283775], [0.009074250411283775], [0.009074250411283775]]}, "33": {"Ke": [[0.7245283018867924, -0.5867924528301888, -0.13773584905660366], [-0.5867924528301888, 0.8202928459119495, -0.23350039308176093], [-0.13773584905660366, -0.23350039308176093, 0.3712362421383646]], "Me": [[0.0, 0.0, 0.0], [0.0, 0.0, 0.0], [0.0, 0.0, 0.0]], "Qe": [[0.01437717013888889], [0.01437717013888889], [0.01437717013888889]]}, "34": {"Ke": [[1.0000000000000004, -0.5000000000000002, -0.5000000000000002], [-0.5000000000000002, 0.5000000000000002, 0.0], [-0.5000000000000002, 0.0, 0.5000000000000002]], "Me": [[0.0, 0.0, 0.0], [0.0, 0.0, 0.0], [0.0, 0.0, 0.0]], "Qe": [[0.010416666666666663], [0.010416666666666663], [0.010416666666666663]]}, "35": {"Ke": [[0.5821160009861933, -0.2980923323471399, -0.2840236686390534], [-0.2980923323471399, 0.5821160009861933, -0.2840236686390534], [-0.2840236686390534, -0.2840236686390534, 0.5680473372781067]], "Me": [[0.0, 0.0, 0.0], [0.0, 0.0, 0.0], [0.0, 0.0, 0.0]], "Qe": [[0.00916883680555555], [0.00916883680555555], [0.00916883680555555]]}, "36": {"Ke": [[0.6192517246371596, -0.09606792466702134, -0.5231837999701382], [-0.09606792466702134, 0.4186165913412993, -0.32254866667427795], [-0.5231837999701382, -0.32254866667427795, 0.8457324666444161]], "Me": [[0.0, 0.0, 0.0], [0.0, 0.0, 0.0], [0.0, 0.0, 0.0]], "Qe": [[0.008410688458534486], [0.008410688458534486], [0.008410688458534486]]}, "37": {"Ke": [[0.5303137957380928, -0.2670891001850745, -0.26322469555301825], [-0.2670891001850745, 0.6059366926150493, -0.3388475924299748], [-0.26322469555301825, -0.3388475924299748, 0.6020722879829931]], "Me": [[0.0, 0.0, 0.0], [0.0, 0.0, 0.0], [0.0, 0.0, 0.0]], "Qe": [[0.008650677729715497], [0.008650677729715497], [0.008650677729715497]]}, "38": {"Ke": [[0.35214693768194055, -0.32906690330331645, -0.0230800343786241], [-0.32906690330331645, 1.0174304771982356, -0.6883635738949192], [-0.0230800343786241, -0.6883635738949192, 0.7114436082735432]], "Me": [[0.0, 0.0, 0.0], [0.0, 0.0, 0.0], [0.0, 0.0, 0.0]], "Qe": [[0.009998251742644286], [0.009998251742644286], [0.009998251742644286]]}, "39": {"Ke": [[0.5334451033689596, -0.34753200994001404, -0.18591309342894544], [-0.34753200994001404, 0.6950640198800278, -0.34753200994001365], [-0.18591309342894544, -0.34753200994001365, 0.5334451033689591]], "Me": [[0.0, 0.0, 0.0], [0.0, 0.0, 0.0], [0.0, 0.0, 0.0]], "Qe": [[0.006600217550239842], [0.006600217550239842], [0.006600217550239842]]}, "40": {"Ke": [[0.4172664469277957, -0.32128346949351416, -0.0959829774342815], [-0.32128346949351416, 0.846516824850075, -0.5252333553565607], [-0.0959829774342815, -0.5252333553565607, 0.6212163327908422]], "Me": [[0.0, 0.0, 0.0], [0.0, 0.0, 0.0], [0.0, 0.0, 0.0]], "Qe": [[0.008437902829878307], [0.008437902829878307], [0.008437902829878307]]}, "41": {"Ke": [[0.3511483960281446, -0.3388305750209804, -0.012317821007164251], [-0.3388305750209804, 1.0388945605202442, -0.7000639854992639], [-0.012317821007164251, -0.7000639854992639, 0.7123818065064281]], "Me": [[0.0, 0.0, 0.0], [0.0, 0.0, 0.0], [0.0, 0.0, 0.0]], "Qe": [[0.010026683228999045], [0.010026683228999045], [0.010026683228999045]]}}