{"0": {"Ke": [[0.5034722222222217, -0.5624999999999992, 0.059027777777777526], [-0.5624999999999992, 1.124999999999999, -0.5624999999999997], [0.059027777777777526, -0.5624999999999997, 0.503472222222222]], "Me": [[0.005787037037037043, 0.0028935185185185214, 0.0028935185185185214], [0.0028935185185185214, 0.005787037037037043, 0.0028935185185185214], [0.0028935185185185214, 0.0028935185185185214, 0.005787037037037043]], "Qe": [[0.011574074074074086], [0.011574074074074086], [0.011574074074074086]]}, "1": {"Ke": [[0.5000000000000002, 0.0, -0.5000000000000002], [0.0, 0.5000000000000002, -0.5000000000000002], [-0.5000000000000002, -0.5000000000000002, 1.0000000000000004]], "Me": [[0.005208333333333331, 0.0026041666666666657, 0.0026041666666666657], [0.0026041666666666657, 0.005208333333333331, 0.0026041666666666657], [0.0026041666666666657, 0.0026041666666666657, 0.005208333333333331]], "Qe": [[0.010416666666666663], [0.010416666666666663], [0.010416666666666663]]}, "2": {"Ke": [[0.42857142857142794, -0.214285714285714, -0.21428571428571394], [-0.214285714285714, 0.6904761904761907, -0.4761904761904767], [-0.21428571428571394, -0.4761904761904767, 0.6904761904761907]], "Me": [[0.004219714506172841, 0.0021098572530864204, 0.0021098572530864204], [0.0021098572530864204, 0.004219714506172841, 0.0021098572530864204], [0.0021098572530864204, 0.0021098572530864204, 0.004219714506172841]], "Qe": [[0.008439429012345682], [0.008439429012345682], [0.008439429012345682]]}, "3": {"Ke": [[0.5000000000000002, 0.0, -0.5000000000000002], [0.0, 0.5000000000000002, -0.5000000000000002], [-0.5000000000000002, -0.5000000000000002, 1.0000000000000004]], "Me": [[0.005208333333333331, 0.0026041666666666657, 0.0026041666666666657], [0.0026041666666666657, 0.005208333333333331, 0.0026041666666666657], [0.0026041666666666657, 0.0026041666666666657, 0.005208333333333331]], "Qe": [[0.010416666666666663], [0.010416666666666663], [0.010416666666666663]]}, "4": {"Ke": [[0.5000000000000002, 0.0, -0.5000000000000002], [0.0, 0.5000000000000002, -0.5000000000000002], [-0.5000000000000002, -0.5000000000000002, 1.0000000000000004]], "Me": [[0.005208333333333331, 0.0026041666666666657, 0.0026041666666666657], [0.0026041666666666657, 0.005208333333333331, 0.0026041666666666657], [0.0026041666666666657, 0.0026041666666666657, 0.005208333333333331]], "Qe": [[0.010416666666666663], [0.010416666666666663], [0.010416666666666663]]}, "5": {"Ke": [[0.45161290322580633, -0.2419354838709676, -0.20967741935483872], [-0.2419354838709676, 0.6831797235023039, -0.44124423963133635], [-0.20967741935483872, -0.44124423963133635, 0.650921658986175]], "Me": [[0.005766369047619049, 0.0028831845238095244, 0.0028831845238095244], [0.0028831845238095244, 0.005766369047619049, 0.0028831845238095244], [0.0028831845238095244, 0.0028831845238095244, 0.005766369047619049]], "Qe": [[0.011532738095238098], [0.011532738095238098], [0.011532738095238098]]}, "6": {"Ke": [[0.5519480519480516, -0.23376623376623357, -0.31818181818181807], [-0.23376623376623357, 0.5519480519480516, -0.31818181818181807], [-0.31818181818181807, -0.31818181818181807, 0.6363636363636361]], "Me": [[0.005115327380952383, 0.0025576636904761914, 0.0025576636904761914], [0.0025576636904761914, 0.005115327380952383, 0.0025576636904761914], [0.0025576636904761914, 0.0025576636904761914, 0.005115327380952383]], "Qe": [[0.010230654761904765], [0.010230654761904765], [0.010230654761904765]]}, "7": {"Ke": [[0.41666666666666674, -0.25000000000000006, -0.16666666666666669], [-0.25000000000000006, 0.7500000000000001, -0.5000000000000001], [-0.16666666666666669, -0.5000000000000001, 0.6666666666666667]], "Me": [[0.007812499999999999, 0.0039062499999999996, 0.0039062499999999996], [0.0039062499999999996, 0.007812499999999999, 0.0039062499999999996], [0.0039062499999999996, 0.0039062499999999996, 0.007812499999999999]], "Qe": [[0.015624999999999998], [0.015624999999999998], [0.015624999999999998]]}, "8": {"Ke": [[1.0000000000000004, -0.5000000000000002, -0.5000000000000002], [-0.5000000000000002, 0.5000000000000002, 0.0], [-0.5000000000000002, 0.0, 0.5000000000000002]], "Me": [[0.005208333333333331, 0.0026041666666666657, 0.0026041666666666657], [0.0026041666666666657, 0.005208333333333331, 0.0026041666666666657], [0.0026041666666666657, 0.0026041666666666657, 0.005208333333333331]], "Qe": [[0.010416666666666663], [0.010416666666666663], [0.010416666666666663]]}, "9": {"Ke": [[0.7500000000000007, -0.3750000000000005, -0.37500000000000017], [-0.3750000000000005, 0.5208333333333336, -0.1458333333333331], [-0.37500000000000017, -0.1458333333333331, 0.5208333333333333]], "Me": [[0.006944444444444438, 0.003472222222222219, 0.003472222222222219], [0.003472222222222219, 0.006944444444444438, 0.003472222222222219], [0.003472222222222219, 0.003472222222222219, 0.006944444444444438]], "Qe": [[0.013888888888888876], [0.013888888888888876], [0.013888888888888876]]}, "10": {"Ke": [[1.0000000000000004, -0.5000000000000002, -0.5000000000000002], [-0.5000000000000002, 0.5000000000000002, 0.0], [-0.5000000000000002, 0.0, 0.5000000000000002]], "Me": [[0.005208333333333331, 0.0026041666666666657, 0.0026041666666666657], [0.0026041666666666657, 0.005208333333333331, 0.0026041666666666657], [0.0026041666666666657, 0.0026041666666666657, 0.005208333333333331]], "Qe": [[0.010416666666666663], [0.010416666666666663], [0.010416666666666663]]}, "11": {"Ke": [[1.0000000000000004, -0.5000000000000002, -0.5000000000000002], [-0.5000000000000002, 0.5000000000000002, 0.0], [-0.5000000000000002, 0.0, 0.5000000000000002]], "Me": [[0.005208333333333331, 0.0026041666666666657, 0.0026041666666666657], [0.0026041666666666657, 0.005208333333333331, 0.0026041666666666657], [0.0026041666666666657, 0.0026041666666666657, 0.005208333333333331]], "Qe": [[0.010416666666666663], [0.010416666666666663], [0.010416666666666663]]}, "12": {"Ke": [[1.0000000000000004, -0.5000000000000002, -0.5000000000000002], [-0.5000000000000002, 0.5000000000000002, 0.0], [-0.5000000000000002, 0.0, 0.5000000000000002]], "Me": [[0.005208333333333331, 0.0026041666666666657, 0.0026041666666666657], [0.0026041666666666657, 0.005208333333333331, 0.0026041666666666657], [0.0026041666666666657, 0.0026041666666666657, 0.005208333333333331]], "Qe": [[0.010416666666666663], [0.010416666666666663], [0.010416666666666663]]}, "13": {"Ke": [[0.5000000000000002, 0.0, -0.5000000000000002], [0.0, 0.5000000000000002, -0.5000000000000002], [-0.5000000000000002, -0.5000000000000002, 1.0000000000000004]], "Me": [[0.005208333333333331, 0.0026041666666666657, 0.0026041666666666657], [0.0026041666666666657, 0.005208333333333331, 0.0026041666666666657], [0.0026041666666666657, 0.0026041666666666657, 0.005208333333333331]], "Qe": [[0.010416666666666663], [0.010416666666666663], [0.010416666666666663]]}, "14": {"Ke": [[0.5000000000000002, 0.0, -0.5000000000000002], [0.0, 0.5000000000000002, -0.5000000000000002], [-0.5000000000000002, -0.5000000000000002, 1.0000000000000004]], "Me": [[0.005208333333333331, 0.0026041666666666657, 0.0026041666666666657], [0.0026041666666666657, 0.005208333333333331, 0.0026041666666666657], [0.0026041666666666657, 0.0026041666666666657, 0.005208333333333331]], "Qe": [[0.010416666666666663], [0.010416666666666663], [0.010416666666666663]]}, "15": {"Ke": [[0.5000000000000002, 0.0, -0.5000000000000002], [0.0, 0.5000000000000002, -0.5000000000000002], [-0.5000000000000002, -0.5000000000000002, 1.0000000000000004]], "Me": [[0.005208333333333331, 0.0026041666666666657, 0.0026041666666666657], [0.0026041666666666657, 0.005208333333333331, 0.0026041666666666657], [0.0026041666666666657, 0.0026041666666666657, 0.005208333333333331]], "Qe": [[0.010416666666666663], [0.010416666666666663], [0.010416666666666663]]}, "16": {"Ke": [[0.7668393920075598, -0.4350948088761877, -0.33174458313137206], [-0.4350948088761877, 0.5728807065595756, -0.1377858976833879], [-0.33174458313137206, -0.1377858976833879, 0.46953048081475995]], "Me": [[0.006643448821808223, 0.0033217244109041114, 0.0033217244109041114], [0.0033217244109041114, 0.006643448821808223, 0.0033217244109041114], [0.0033217244109041114, 0.0033217244109041114, 0.006643448821808223]], "Qe": [[0.013286897643616445], [0.013286897643616445], [0.013286897643616445]]}, "17": {"Ke": [[0.6486712464940452, -0.2354226699349258, -0.41324857655911945], [-0.2354226699349258, 0.4708453398698517, -0.2354226699349259], [-0.41324857655911945, -0.2354226699349259, 0.6486712464940453]], "Me": [[0.004808755955241035, 0.0024043779776205176, 0.0024043779776205176], [0.0024043779776205176, 0.004808755955241035, 0.0024043779776205176], [0.0024043779776205176, 0.0024043779776205176, 0.004808755955241035]], "Qe": [[0.00961751191048207], [0.00961751191048207], [0.00961751191048207]]}, "18": {"Ke": [[0.5555555555555555, -0.20370370370370353, -0.351851851851852], [-0.20370370370370353, 0.5246913580246911, -0.3209876543209875], [-0.351851851851852, -0.3209876543209875, 0.6728395061728395]], "Me": [[0.0032552083333333343, 0.0016276041666666672, 0.0016276041666666672], [0.0016276041666666672, 0.0032552083333333343, 0.0016276041666666672], [0.0016276041666666672, 0.0016276041666666672, 0.0032552083333333343]], "Qe": [[0.006510416666666669], [0.006510416666666669], [0.006510416666666669]]}, "19": {"Ke": [[1.1205415250164041, -0.582627274736611, -0.5379142502797932], [-0.582627274736611, 0.5260443527591547, 0.0565829219774563], [-0.5379142502797932, 0.0565829219774563, 0.4813313283023369]], "Me": [[0.003246835883916319, 0.0016234179419581595, 0.0016234179419581595], [0.0016234179419581595, 0.003246835883916319, 0.0016234179419581595], [0.0016234179419581595, 0.0016234179419581595, 0.003246835883916319]], "Qe": [[0.006493671767832638], [0.006493671767832638], [0.006493671767832638]]}, "20": {"Ke": [[0.5, -0.25, -0.25], [-0.25, 0.625, -0.375], [-0.25, -0.375, 0.625]], "Me": [[0.005208333333333333, 0.0026041666666666665, 0.0026041666666666665], [0.0026041666666666665, 0.005208333333333333, 0.0026041666666666665], [0.0026041666666666665, 0.0026041666666666665, 0.005208333333333333]], "Qe": [[0.010416666666666666], [0.010416666666666666], [0.010416666666666666]]}, "21": {"Ke": [[0.5000000000000002, 0.0, -0.5000000000000002], [0.0, 0.5000000000000002, -0.5000000000000002], [-0.5000000000000002, -0.5000000000000002, 1.0000000000000004]], "Me": [[0.005208333333333331, 0.0026041666666666657, 0.0026041666666666657], [0.0026041666666666657, 0.005208333333333331, 0.0026041666666666657], [0.0026041666666666657, 0.0026041666666666657, 0.005208333333333331]], "Qe": [[0.010416666666666663], [0.010416666666666663], [0.010416666666666663]]}, "22": {"Ke": [[1.0000000000000004, -0.5000000000000002, -0.5000000000000002], [-0.5000000000000002, 0.5000000000000002, 0.0], [-0.5000000000000002, 0.0, 0.5000000000000002]], "Me": [[0.005208333333333331, 0.0026041666666666657, 0.0026041666666666657], [0.0026041666666666657, 0.005208333333333331, 0.0026041666666666657], [0.0026041666666666657, 0.0026041666666666657, 0.005208333333333331]], "Qe": [[0.010416666666666663], [0.010416666666666663], [0.010416666666666663]]}, "23": {"Ke": [[0.5610227667709419, -0.2544534237052482, -0.3065693430656938], [-0.2544534237052482, 0.5610227667709421, -0.3065693430656939], [-0.3065693430656938, -0.3065693430656939, 0.6131386861313878]], "Me": [[0.0027856335274593328, 0.0013928167637296664, 0.0013928167637296664], [0.0013928167637296664, 0.0027856335274593328, 0.0013928167637296664], [0.0013928167637296664, 0.0013928167637296664, 0.0027856335274593328]], "Qe": [[0.0055712670549186655], [0.0055712670549186655], [0.0055712670549186655]]}, "24": {"Ke": [[0.8333333333333327, -0.16666666666666655, -0.6666666666666662], [-0.16666666666666655, 0.3333333333333331, -0.16666666666666655], [-0.6666666666666662, -0.16666666666666655, 0.8333333333333327]], "Me": [[0.007812500000000005, 0.003906250000000003, 0.003906250000000003], [0.003906250000000003, 0.007812500000000005, 0.003906250000000003], [0.003906250000000003, 0.003906250000000003, 0.007812500000000005]], "Qe": [[0.01562500000000001], [0.01562500000000001], [0.01562500000000001]]}, "25": {"Ke": [[0.49765807962529246, -0.3091334894613582, -0.1885245901639343], [-0.3091334894613582, 0.6943793911007023, -0.3852459016393442], [-0.1885245901639343, -0.3852459016393442, 0.5737704918032785]], "Me": [[0.005673363095238097, 0.0028366815476190484, 0.0028366815476190484], [0.0028366815476190484, 0.005673363095238097, 0.0028366815476190484], [0.0028366815476190484, 0.0028366815476190484, 0.005673363095238097]], "Qe": [[0.011346726190476194], [0.011346726190476194], [0.011346726190476194]]}, "26": {"Ke": [[0.5000000000000002, 0.0, -0.5000000000000002], [0.0, 0.5000000000000002, -0.5000000000000002], [-0.5000000000000002, -0.5000000000000002, 1.0000000000000004]], "Me": [[0.005208333333333331, 0.0026041666666666657, 0.0026041666666666657], [0.0026041666666666657, 0.005208333333333331, 0.0026041666666666657], [0.0026041666666666657, 0.0026041666666666657, 0.005208333333333331]], "Qe": [[0.010416666666666663], [0.010416666666666663], [0.010416666666666663]]}, "27": {"Ke": [[0.5, -0.25, -0.25], [-0.25, 0.625, -0.375], [-0.25, -0.375, 0.625]], "Me": [[0.005208333333333333, 0.0026041666666666665, 0.0026041666666666665], [0.0026041666666666665, 0.005208333333333333, 0.0026041666666666665], [0.0026041666666666665, 0.0026041666666666665, 0.005208333333333333]], "Qe": [[0.010416666666666666], [0.010416666666666666], [0.010416666666666666]]}, "28": {"Ke": [[0.7500000000000001, -0.25000000000000006, -0.5000000000000001], [-0.25000000000000006, 0.41666666666666674, -0.16666666666666669], [-0.5000000000000001, -0.16666666666666669, 0.6666666666666667]], "Me": [[0.007812499999999999, 0.0039062499999999996, 0.0039062499999999996], [0.0039062499999999996, 0.007812499999999999, 0.0039062499999999996], [0.0039062499999999996, 0.0039062499999999996, 0.007812499999999999]], "Qe": [[0.015624999999999998], [0.015624999999999998], [0.015624999999999998]]}, "29": {"Ke": [[0.5765306122448981, -0.005102040816326614, -0.5714285714285714], [-0.005102040816326614, 0.4336734693877552, -0.42857142857142855], [-0.5714285714285714, -0.42857142857142855, 1.0]], "Me": [[0.006510416666666667, 0.0032552083333333335, 0.0032552083333333335], [0.0032552083333333335, 0.006510416666666667, 0.0032552083333333335], [0.0032552083333333335, 0.0032552083333333335, 0.006510416666666667]], "Qe": [[0.013020833333333334], [0.013020833333333334], [0.013020833333333334]]}, "30": {"Ke": [[0.5000000000000002, 0.0, -0.5000000000000002], [0.0, 0.5000000000000002, -0.5000000000000002], [-0.5000000000000002, -0.5000000000000002, 1.0000000000000004]], "Me": [[0.005208333333333331, 0.0026041666666666657, 0.0026041666666666657], [0.0026041666666666657, 0.005208333333333331, 0.0026041666666666657], [0.0026041666666666657, 0.0026041666666666657, 0.005208333333333331]], "Qe": [[0.010416666666666663], [0.010416666666666663], [0.010416666666666663]]}, "31": {"Ke": [[0.49999999999999956, -0.16666666666666646, -0.3333333333333331], [-0.16666666666666646, 0.5555555555555556, -0.3888888888888891], [-0.3333333333333331, -0.3888888888888891, 0.7222222222222222]], "Me": [[0.006510416666666672, 0.003255208333333336, 0.003255208333333336], [0.003255208333333336, 0.006510416666666672, 0.003255208333333336], [0.003255208333333336, 0.003255208333333336, 0.006510416666666672]], "Qe": [[0.013020833333333344], [0.013020833333333344], [0.013020833333333344]]}, "32": {"Ke": [[1.0, -0.5000000000000002, -0.49999999999999967], [-0.5000000000000002, 0.5000000000000002, 0.0], [-0.49999999999999967, 0.0, 0.49999999999999967]], "Me": [[0.0036168981481481516, 0.0018084490740740758, 0.0018084490740740758], [0.0018084490740740758, 0.0036168981481481516, 0.0018084490740740758], [0.0018084490740740758, 0.0018084490740740758, 0.0036168981481481516]], "Qe": [[0.007233796296296303], [0.007233796296296303], [0.007233796296296303]]}, "33": {"Ke": [[0.6151436514638614, -0.22882820601451773, -0.3863154454493436], [-0.22882820601451773, 0.4915312824058073, -0.26270307639128954], [-0.3863154454493436, -0.26270307639128954, 0.6490185218406331]], "Me": [[0.005298069034224096, 0.002649034517112048, 0.002649034517112048], [0.002649034517112048, 0.005298069034224096, 0.002649034517112048], [0.002649034517112048, 0.002649034517112048, 0.005298069034224096]], "Qe": [[0.010596138068448191], [0.010596138068448191], [0.010596138068448191]]}, "34": {"Ke": [[0.7254901960784313, -0.2647058823529409, -0.46078431372549045], [-0.2647058823529409, 0.4411764705882351, -0.1764705882352942], [-0.46078431372549045, -0.1764705882352942, 0.6372549019607846]], "Me": [[0.007378472222222225, 0.0036892361111111123, 0.0036892361111111123], [0.0036892361111111123, 0.007378472222222225, 0.0036892361111111123], [0.0036892361111111123, 0.0036892361111111123, 0.007378472222222225]], "Qe": [[0.01475694444444445], [0.01475694444444445], [0.01475694444444445]]}, "35": {"Ke": [[0.5999999999999996, -0.29999999999999977, -0.2999999999999999], [-0.29999999999999977, 0.5666666666666668, -0.26666666666666705], [-0.2999999999999999, -0.26666666666666705, 0.5666666666666669]], "Me": [[0.003014081790123455, 0.0015070408950617275, 0.0015070408950617275], [0.0015070408950617275, 0.003014081790123455, 0.0015070408950617275], [0.0015070408950617275, 0.0015070408950617275, 0.003014081790123455]], "Qe": [[0.00602816358024691], [0.00602816358024691], [0.00602816358024691]]}, "36": {"Ke": [[0.8153153153153145, -0.531531531531531, -0.2837837837837836], [-0.531531531531531, 0.653153153153153, -0.12162162162162204], [-0.2837837837837836, -0.12162162162162204, 0.40540540540540565]], "Me": [[0.004460841049382719, 0.0022304205246913597, 0.0022304205246913597], [0.0022304205246913597, 0.004460841049382719, 0.0022304205246913597], [0.0022304205246913597, 0.0022304205246913597, 0.004460841049382719]], "Qe": [[0.008921682098765439], [0.008921682098765439], [0.008921682098765439]]}, "37": {"Ke": [[0.6611111111111111, -0.3, -0.36111111111111116], [-0.3, 0.5142857142857146, -0.21428571428571455], [-0.36111111111111116, -0.21428571428571455, 0.5753968253968257]], "Me": [[0.005063657407407405, 0.0025318287037037024, 0.0025318287037037024], [0.0025318287037037024, 0.005063657407407405, 0.0025318287037037024], [0.0025318287037037024, 0.0025318287037037024, 0.005063657407407405]], "Qe": [[0.01012731481481481], [0.01012731481481481], [0.01012731481481481]]}, "38": {"Ke": [[0.5023537192654842, -0.048572206660441236, -0.453781512605043], [-0.048572206660441236, 0.502353719265484, -0.45378151260504285], [-0.453781512605043, -0.45378151260504285, 0.9075630252100858]], "Me": [[0.0031109629905202766, 0.0015554814952601383, 0.0015554814952601383], [0.0015554814952601383, 0.0031109629905202766, 0.0015554814952601383], [0.0015554814952601383, 0.0015554814952601383, 0.0031109629905202766]], "Qe": [[0.006221925981040553], [0.006221925981040553], [0.006221925981040553]]}, "39": {"Ke": [[0.44270833333333315, -0.40624999999999933, -0.03645833333333387], [-0.40624999999999933, 0.9374999999999991, -0.5312499999999998], [-0.03645833333333387, -0.5312499999999998, 0.5677083333333336]], "Me": [[0.0038580246913580245, 0.0019290123456790122, 0.0019290123456790122], [0.0019290123456790122, 0.0038580246913580245, 0.0019290123456790122], [0.0019290123456790122, 0.0019290123456790122, 0.0038580246913580245]], "Qe": [[0.007716049382716049], [0.007716049382716049], [0.007716049382716049]]}, "40": {"Ke": [[0.5338834043102344, -0.07395309072138362, -0.45993031358885084], [-0.07395309072138362, 0.478510958693885, -0.4045578679725015], [-0.45993031358885084, -0.4045578679725015, 0.8644881815613522]], "Me": [[0.0032659729111552023, 0.0016329864555776012, 0.0016329864555776012], [0.0016329864555776012, 0.0032659729111552023, 0.0016329864555776012], [0.0016329864555776012, 0.0016329864555776012, 0.0032659729111552023]], "Qe": [[0.006531945822310405], [0.006531945822310405], [0.006531945822310405]]}, "41": {"Ke": [[0.34634841102404396, -0.3291139240506324, -0.01723448697341158], [-0.3291139240506324, 1.0345535408826534, -0.705439616832021], [-0.01723448697341158, -0.705439616832021, 0.7226741038054326]], "Me": [[0.005034377755731929, 0.0025171888778659644, 0.0025171888778659644], [0.0025171888778659644, 0.005034377755731929, 0.0025171888778659644], [0.0025171888778659644, 0.0025171888778659644, 0.005034377755731929]], "Qe": [[0.010068755511463858], [0.010068755511463858], [0.010068755511463858]]}, "42": {"Ke": [[0.38741863180559355, -0.2113571405221489, -0.17606149128344464], [-0.2113571405221489, 0.7606031735653997, -0.5492460330432508], [-0.17606149128344464, -0.5492460330432508, 0.7253075243266954]], "Me": [[0.006847635553397412, 0.003423817776698706, 0.003423817776698706], [0.003423817776698706, 0.006847635553397412, 0.003423817776698706], [0.003423817776698706, 0.003423817776698706, 0.006847635553397412]], "Qe": [[0.013695271106794823], [0.013695271106794823], [0.013695271106794823]]}, "43": {"Ke": [[0.4285714285714286, -0.35714285714285743, -0.07142857142857119], [-0.35714285714285743, 0.8809523809523814, -0.523809523809524], [-0.07142857142857119, -0.523809523809524, 0.5952380952380951]], "Me": [[0.006076388888888888, 0.003038194444444444, 0.003038194444444444], [0.003038194444444444, 0.006076388888888888, 0.003038194444444444], [0.003038194444444444, 0.003038194444444444, 0.006076388888888888]], "Qe": [[0.012152777777777776], [0.012152777777777776], [0.012152777777777776]]}, "44": {"Ke": [[0.5574105452008377, -0.24638692315359334, -0.3110236220472443], [-0.24638692315359334, 0.5574105452008374, -0.3110236220472441], [-0.3110236220472443, -0.3110236220472441, 0.6220472440944884]], "Me": [[0.005846809967052141, 0.0029234049835260706, 0.0029234049835260706], [0.0029234049835260706, 0.005846809967052141, 0.0029234049835260706], [0.0029234049835260706, 0.0029234049835260706, 0.005846809967052141]], "Qe": [[0.011693619934104282], [0.011693619934104282], [0.011693619934104282]]}, "45": {"Ke": [[0.625, -0.375, -0.25], [-0.375, 0.625, -0.25], [-0.25, -0.25, 0.5]], "Me": [[0.005208333333333333, 0.0026041666666666665, 0.0026041666666666665], [0.0026041666666666665, 0.005208333333333333, 0.0026041666666666665], [0.0026041666666666665, 0.0026041666666666665, 0.005208333333333333]], "Qe": [[0.010416666666666666], [0.010416666666666666], [0.010416666666666666]]}, "46": {"Ke": [[0.6097477886892614, -0.2607601588061319, -0.3489876298831295], [-0.2607601588061319, 0.5215203176122638, -0.2607601588061319], [-0.3489876298831295, -0.2607601588061319, 0.6097477886892614]], "Me": [[0.006241767047997337, 0.0031208835239986683, 0.0031208835239986683], [0.0031208835239986683, 0.006241767047997337, 0.0031208835239986683], [0.0031208835239986683, 0.0031208835239986683, 0.006241767047997337]], "Qe": [[0.012483534095994673], [0.012483534095994673], [0.012483534095994673]]}, "47": {"Ke": [[0.55092947463793, -0.3195784728574638, -0.2313510017804661], [-0.3195784728574638, 0.6391569457149275, -0.3195784728574637], [-0.2313510017804661, -0.3195784728574637, 0.5509294746379299]], "Me": [[0.005954568248918566, 0.002977284124459283, 0.002977284124459283], [0.002977284124459283, 0.005954568248918566, 0.002977284124459283], [0.002977284124459283, 0.002977284124459283, 0.005954568248918566]], "Qe": [[0.011909136497837132], [0.011909136497837132], [0.011909136497837132]]}, "48": {"Ke": [[0.5743772948180305, -0.28718864740901523, -0.28718864740901523], [-0.28718864740901523, 0.5788482974522042, -0.291659650043189], [-0.28718864740901523, -0.291659650043189, 0.5788482974522042]], "Me": [[0.005667369449839799, 0.0028336847249198997, 0.0028336847249198997], [0.0028336847249198997, 0.005667369449839799, 0.0028336847249198997], [0.0028336847249198997, 0.0028336847249198997, 0.005667369449839799]], "Qe": [[0.011334738899679599], [0.011334738899679599], [0.011334738899679599]]}, "49": {"Ke": [[0.5774924749677498, -0.2732661711407334, -0.30422630382701643], [-0.2732661711407334, 0.5622140795999951, -0.28894790845926177], [-0.30422630382701643, -0.28894790845926177, 0.5931742122862783]], "Me": [[0.005796855058733133, 0.0028984275293665665, 0.0028984275293665665], [0.0028984275293665665, 0.005796855058733133, 0.0028984275293665665], [0.0028984275293665665, 0.0028984275293665665, 0.005796855058733133]], "Qe": [[0.011593710117466266], [0.011593710117466266], [0.011593710117466266]]}, "50": {"Ke": [[0.5219141323792489, -0.26095706618962444, -0.2609570661896245], [-0.26095706618962444, 0.609484531381016, -0.34852746519139155], [-0.2609570661896245, -0.34852746519139155, 0.609484531381016]], "Me": [[0.006244463081624354, 0.003122231540812177, 0.003122231540812177], [0.003122231540812177, 0.006244463081624354, 0.003122231540812177], [0.003122231540812177, 0.003122231540812177, 0.006244463081624354]], "Qe": [[0.012488926163248709], [0.012488926163248709], [0.012488926163248709]]}, "51": {"Ke": [[0.5000000000000002, -0.5000000000000002, 0.0], [-0.5000000000000002, 1.0000000000000004, -0.5000000000000002], [0.0, -0.5000000000000002, 0.5000000000000002]], "Me": [[0.005208333333333331, 0.0026041666666666657, 0.0026041666666666657], [0.0026041666666666657, 0.005208333333333331, 0.0026041666666666657], [0.0026041666666666657, 0.0026041666666666657, 0.005208333333333331]], "Qe": [[0.010416666666666663], [0.010416666666666663], [0.010416666666666663]]}, "52": {"Ke": [[1.0000000000000004, -0.5000000000000002, -0.5000000000000002], [-0.5000000000000002, 0.5000000000000002, 0.0], [-0.5000000000000002, 0.0, 0.5000000000000002]], "Me": [[0.005208333333333331, 0.0026041666666666657, 0.0026041666666666657], [0.0026041666666666657, 0.005208333333333331, 0.0026041666666666657], [0.0026041666666666657, 0.0026041666666666657, 0.005208333333333331]], "Qe": [[0.010416666666666663], [0.010416666666666663], [0.010416666666666663]]}, "53": {"Ke": [[0.5601318219447194, -0.15095168144543522, -0.40918014049928425], [-0.15095168144543522, 0.48700395057741613, -0.33605226913198094], [-0.40918014049928425, -0.33605226913198094, 0.7452324096312652]], "Me": [[0.004649203213674365, 0.0023246016068371824, 0.0023246016068371824], [0.0023246016068371824, 0.004649203213674365, 0.0023246016068371824], [0.0023246016068371824, 0.0023246016068371824, 0.004649203213674365]], "Qe": [[0.00929840642734873], [0.00929840642734873], [0.00929840642734873]]}, "54": {"Ke": [[0.4639572344421543, -0.08852438976592097, -0.37543284467623333], [-0.08852438976592097, 0.5557334780940364, -0.4672090883281155], [-0.37543284467623333, -0.4672090883281155, 0.8426419330043489]], "Me": [[0.005612945490111441, 0.0028064727450557206, 0.0028064727450557206], [0.0028064727450557206, 0.005612945490111441, 0.0028064727450557206], [0.0028064727450557206, 0.0028064727450557206, 0.005612945490111441]], "Qe": [[0.011225890980222883], [0.011225890980222883], [0.011225890980222883]]}, "55": {"Ke": [[0.4192370777168977, -0.15729220650589715, -0.2619448712110005], [-0.15729220650589715, 0.6553352573767844, -0.4980430508708873], [-0.2619448712110005, -0.4980430508708873, 0.7599879220818879]], "Me": [[0.007773819885322762, 0.003886909942661381, 0.003886909942661381], [0.003886909942661381, 0.007773819885322762, 0.003886909942661381], [0.003886909942661381, 0.003886909942661381, 0.007773819885322762]], "Qe": [[0.015547639770645523], [0.015547639770645523], [0.015547639770645523]]}, "56": {"Ke": [[0.4198847654953127, -0.38726579322676963, -0.03261897226854306], [-0.38726579322676963, 0.9525822975066338, -0.5653165042798641], [-0.03261897226854306, -0.5653165042798641, 0.5979354765484072]], "Me": [[0.00620209848193632, 0.00310104924096816, 0.00310104924096816], [0.00310104924096816, 0.00620209848193632, 0.00310104924096816], [0.00310104924096816, 0.00310104924096816, 0.00620209848193632]], "Qe": [[0.01240419696387264], [0.01240419696387264], [0.01240419696387264]]}, "57": {"Ke": [[0.534614141222441, -0.20288181775049186, -0.33173232347194914], [-0.20288181775049186, 0.5446190243078483, -0.34173720655735634], [-0.33173232347194914, -0.34173720655735634, 0.6734695300293054]], "Me": [[0.004871114446602585, 0.0024355572233012925, 0.0024355572233012925], [0.0024355572233012925, 0.004871114446602585, 0.0024355572233012925], [0.0024355572233012925, 0.0024355572233012925, 0.004871114446602585]], "Qe": [[0.00974222889320517], [0.00974222889320517], [0.00974222889320517]]}, "58": {"Ke": [[0.5201369790209476, -0.14332646979897948, -0.37681050922196807], [-0.14332646979897948, 0.5201369790209479, -0.3768105092219684], [-0.37681050922196807, -0.3768105092219684, 0.7536210184439365]], "Me": [[0.004353046261695329, 0.0021765231308476644, 0.0021765231308476644], [0.0021765231308476644, 0.004353046261695329, 0.0021765231308476644], [0.0021765231308476644, 0.0021765231308476644, 0.004353046261695329]], "Qe": [[0.008706092523390658], [0.008706092523390658], [0.008706092523390658]]}, "59": {"Ke": [[0.5613163515389499, -0.12255895453826, -0.43875739700068983], [-0.12255895453826, 0.4721414165308199, -0.34958246199255993], [-0.43875739700068983, -0.34958246199255993, 0.7883398589932498]], "Me": [[0.006606710638714426, 0.003303355319357213, 0.003303355319357213], [0.003303355319357213, 0.006606710638714426, 0.003303355319357213], [0.003303355319357213, 0.003303355319357213, 0.006606710638714426]], "Qe": [[0.013213421277428852], [0.013213421277428852], [0.013213421277428852]]}, "60": {"Ke": [[0.6243215894853967, -0.06867839615219176, -0.555643193333205], [-0.06867839615219176, 0.4079896104633994, -0.33931121431120764], [-0.555643193333205, -0.33931121431120764, 0.8949544076444126]], "Me": [[0.0055496029164197455, 0.0027748014582098727, 0.0027748014582098727], [0.0027748014582098727, 0.0055496029164197455, 0.0027748014582098727], [0.0027748014582098727, 0.0027748014582098727, 0.0055496029164197455]], "Qe": [[0.011099205832839491], [0.011099205832839491], [0.011099205832839491]]}, "61": {"Ke": [[0.89666496213008, -0.5293901445158671, -0.36727481761421277], [-0.5293901445158671, 0.5913623789323512, -0.061972234416484015], [-0.36727481761421277, -0.061972234416484015, 0.4292470520306968]], "Me": [[0.005274772002242466, 0.002637386001121233, 0.002637386001121233], [0.002637386001121233, 0.005274772002242466, 0.002637386001121233], [0.002637386001121233, 0.002637386001121233, 0.005274772002242466]], "Qe": [[0.010549544004484932], [0.010549544004484932], [0.010549544004484932]]}}